

Isotope Profile
-----------------------------
0  0.595358410984211
1  0.238816633802097
2  0.072289862525219
3  0.016191495555382
4  0.002944944391805
5  0.000450205171752
6  0.000059558994673
7  0.000006954275195
8  0.000000727463471
9  0.000000068943908
10  0.000000005975953
11  0.000000000476555
12  0.000000000044979
13  0.000000000004116
14  0.000000000004528
15  0.000000000000327
16  0.000000000010522
17  0.000000000001460
18  0.000000000001623
19  0.000000000000113
20  0.000000000002108
21  0.000000000000276
22  0.000000000001216
23  0.000000000000032
24  0.000000000000906
25  0.000000000000118
26  0.000000000000520
27  -0.000000000000009
28  -0.000000000001260
29  0.000000000000021
30  0.000000000000852
31  0.000000000000020
32  0.000000000002280
33  0.000000000000279
34  0.000000000000264
35  0.000000000000015
36  0.000000000000447
37  0.000000000000053
38  0.000000000000218
39  0.000000000000005
40  0.000000000000476
41  0.000000000000068
42  0.000000000000124
43  0.000000000000004
44  -0.000000000000014
45  0.000000000000040
46  0.000000000000195
47  0.000000000000003
48  0.000000000000025
49  0.000000000000048
50  0.000000000000054
51  -0.000000000000000
52  -0.000000000000578
53  -0.000000000000011
54  0.000000000000023
55  -0.000000000000005
56  -0.000000000001016
57  -0.000000000000024
58  -0.000000000000035
59  -0.000000000000006
60  -0.000000000001110
61  -0.000000000000035
62  -0.000000000000042
63  -0.000000000000002
64  0.000000000000032
65  0.000000000000003
66  0.000000000000001
67  -0.000000000000000
68  -0.000000000000010
69  -0.000000000000000
70  -0.000000000000001
71  -0.000000000000000
72  -0.000000000000045
73  -0.000000000000002
74  -0.000000000000002
75  -0.000000000000000
76  -0.000000000000051
77  -0.000000000000000
78  -0.000000000000003
79  -0.000000000000000
80  -0.000000000000100
81  -0.000000000000004
82  -0.000000000000005
83  -0.000000000000000
84  -0.000000000000097
85  -0.000000000000000
86  -0.000000000000006
87  -0.000000000000000
88  -0.000000000000070


