

Isotope Profile
-----------------------------
0  0.590638358760308
1  0.240442113626950
2  0.073093730969273
3  0.016477032859245
4  0.003013322766540
5  0.000463234088345
6  0.000061612730446
7  0.000007232412695
8  0.000000760531570
9  0.000000072454873
10  0.000000006312199
11  0.000000000506020
12  0.000000000046873
13  0.000000000004030
14  0.000000000003409
15  0.000000000000288
16  0.000000000008937
17  0.000000000001212
18  0.000000000001202
19  0.000000000000094
20  0.000000000001947
21  0.000000000000173
22  0.000000000000796
23  0.000000000000027
24  0.000000000000610
25  0.000000000000024
26  0.000000000000280
27  -0.000000000000013
28  -0.000000000001248
29  -0.000000000000181
30  0.000000000000048
31  -0.000000000000002
32  0.000000000001143
33  0.000000000000072
34  0.000000000000064
35  0.000000000000002
36  0.000000000000641
37  0.000000000000018
38  0.000000000000049
39  0.000000000000001
40  0.000000000000687
41  0.000000000000041
42  0.000000000000039
43  0.000000000000001
44  0.000000000000393
45  0.000000000000011
46  0.000000000000033
47  0.000000000000001
48  0.000000000000415
49  0.000000000000026
50  0.000000000000024
51  0.000000000000001
52  0.000000000000206
53  0.000000000000004
54  0.000000000000016
55  0.000000000000000
56  0.000000000000191
57  0.000000000000012
58  0.000000000000011
59  0.000000000000000
60  0.000000000000060
61  0.000000000000000
62  0.000000000000005
63  -0.000000000000000
64  0.000000000000056
65  0.000000000000004
66  0.000000000000002
67  -0.000000000000000
68  -0.000000000000034
69  -0.000000000000001
70  -0.000000000000002
71  -0.000000000000000
72  -0.000000000000124
73  -0.000000000000006
74  -0.000000000000007
75  -0.000000000000000
76  -0.000000000000172
77  -0.000000000000004
78  -0.000000000000011
79  -0.000000000000000
80  -0.000000000000308
81  -0.000000000000016
82  -0.000000000000017
83  -0.000000000000001
84  -0.000000000000319
85  -0.000000000000008
86  -0.000000000000021
87  -0.000000000000001
88  -0.000000000000513
89  -0.000000000000027
90  -0.000000000000027
91  -0.000000000000001
92  -0.000000000000489
93  -0.000000000000011
94  -0.000000000000029
95  -0.000000000000001
96  -0.000000000000600
97  -0.000000000000034
98  -0.000000000000027
99  -0.000000000000001
100  -0.000000000000332
101  -0.000000000000003
102  -0.000000000000017
103  -0.000000000000000
104  -0.000000000000472
105  -0.000000000000036
106  -0.000000000000020
107  -0.000000000000000
108  -0.000000000000345
109  -0.000000000000001
110  -0.000000000000023
111  -0.000000000000000
112  -0.000000000000631
113  -0.000000000000034
114  -0.000000000000030
115  -0.000000000000000
116  -0.000000000000579
117  -0.000000000000002
118  -0.000000000000039
119  -0.000000000000000
120  -0.000000000000969
121  -0.000000000000016
122  -0.000000000000055
123  -0.000000000000000


